shape_id,shape_pt_lon,shape_pt_lat,shape_pt_sequence,shape_dist_traveled
1,53.477885,-2.231904,1,0
1,53.478402,-2.232096,2,0.0005515006799651961
1,53.478748,-2.232528,3,0.0011049805802328277
1,53.479028,-2.232677,4,0.0014221571871855308
1,53.478981,-2.232921,5,0.0016706425992329453
1,53.479097,-2.233065,6,0.0018555533885374167
1,53.479585,-2.233263,7,0.002382191784400538
1,53.479744,-2.233406,8,0.0025960375231910923
1,53.479918,-2.233591,9,0.0028500079939164607
1,53.480045,-2.233729,10,0.0030375526552633043
1,53.480585,-2.234269,11,0.003801227978945382
1,53.480705,-2.234605,12,0.0041580136288822045
1,53.480675,-2.234942,13,0.004496346305400696
1,53.480135,-2.235956,14,0.005645170051673459
1,53.48009,-2.236016,15,0.005720170051673462
1,53.479897,-2.23632,16,0.00608026031813258
1,53.479601,-2.236784,17,0.0066306347361420595
1,53.47944,-2.237037,18,0.006930518046784266
1,53.479175,-2.237589,19,0.007542832508477981
1,53.479112,-2.237671,20,0.007646239471491667
1,53.479048,-2.237755,21,0.0077518425017521365
1,53.478888,-2.237976,22,0.008024681281987727
1,53.478764,-2.238163,23,0.008249058197021047
1,53.478567,-2.238429,24,0.008580064239261874
1,53.478736,-2.238765,25,0.008956171936603748
1,53.478906,-2.239083,26,0.009316760344627997
1,53.479085,-2.239445,27,0.009720598183368307
1,53.479291,-2.239854,28,0.010178546870452627
1,53.479488,-2.240277,29,0.01064517091612543
1,53.479678,-2.240655,30,0.011068235922948977
1,53.479739,-2.240775,31,0.011202850186681925
1,53.479909,-2.241093,32,0.011563438594702432
1,53.480159,-2.241591,33,0.012120667452534586
1,53.480365,-2.241984,34,0.012564384704846592
1,53.480788,-2.242002,35,0.012987767510352636
1,53.480832,-2.242529,36,0.013516601132582386
1,53.480937,-2.243494,37,0.01448729675943939
1,53.480999,-2.244052,38,0.015048730638003724
1,53.481075,-2.244809,39,0.015809536132200614
1,53.480799,-2.244934,40,0.016112522930592493
1,53.480728,-2.244955,41,0.016186563460032537
1,53.480521,-2.245014,42,0.016401807507565452
1,53.48035,-2.245073,43,0.01658269974067846
1,53.480179,-2.245132,44,0.01676359197379132
1,53.480241,-2.245434,45,0.017071890530388635
1,53.480384,-2.246068,46,0.017721817449357757
1,53.480518,-2.246641,47,0.018310277303552162
1,53.480633,-2.247109,48,0.018792199496442622
1,53.48066,-2.24726,49,0.018945594411612886
1,53.480838,-2.247999,50,0.019705729268069138
1,53.481126,-2.247805,51,0.020052975578348647
1,53.481399,-2.24762,52,0.020382754292034084
1,53.482026,-2.247162,53,0.021159216139128335
1,53.483449,-2.246221,54,0.022865208518949416
1,53.483266,-2.244966,55,0.024133480571783487
1,53.483219,-2.244704,56,0.024399662840163774
1,53.483013,-2.243732,57,0.025393252292603447
1,53.482248,-2.244195,58,0.02628745249390167
1,53.482032,-2.244359,59,0.02655865721362619
1,53.481708,-2.244599,60,0.026961864356419223
1,53.481274,-2.244748,61,0.02742072926028383
1,53.481075,-2.244809,62,0.027628868636666172
1,53.480999,-2.244052,63,0.028389674130863064
1,53.480937,-2.243494,64,0.028951108009427396
1,53.480832,-2.242529,65,0.0299218036362844
1,53.480788,-2.242002,66,0.03045063725851415
1,53.480986,-2.241837,67,0.03070837549782257
1,53.481058,-2.241668,68,0.03089207361974896
1,53.480924,-2.241174,69,0.03140392516072451
1,53.480781,-2.240721,70,0.03187895989629678
1,53.480629,-2.240223,71,0.03239964022048841
1,53.480406,-2.239815,72,0.03286460581061206
1,53.48034,-2.239664,73,0.03302939962117722
1,53.480181,-2.239302,74,0.03342477918564516
1,53.479967,-2.238893,75,0.03388638182861829
1,53.479761,-2.238485,76,0.03434343762389888
1,53.479654,-2.238269,77,0.03458448741129038
1,53.479582,-2.238122,78,0.03474817308567671
1,53.479367,-2.237714,79,0.03520935526226091
1,53.479175,-2.237589,80,0.03543846004178801
1,53.479112,-2.237671,81,0.03554186700480169
1,53.479048,-2.237755,82,0.03564747003506216
1,53.478888,-2.237976,83,0.03592030881529775
1,53.478764,-2.238163,84,0.03614468573033107
1,53.478513,-2.237709,85,0.036663450609635065
1,53.478422,-2.237544,86,0.036851880968122114
1,53.478344,-2.237418,87,0.037000070036546165
1,53.478306,-2.237349,88,0.03707884185891756
1,53.477949,-2.236667,89,0.03784862949197005
1,53.477761,-2.236304,90,0.03825742406140635
1,53.477564,-2.236032,91,0.03859327075262148
1,53.477385,-2.235714,92,0.038958188551585504
1,53.47682,-2.234717,93,0.04010415277441388
1,53.476713,-2.23434,94,0.04049604306518396
1,53.476849,-2.234009,95,0.040853893592641105
1,53.477016,-2.233945,96,0.04103273709964989
1,53.477388,-2.233876,97,0.041411082180229805
1,53.477707,-2.233895,98,0.04173064751001849
1,53.478134,-2.233895,99,0.04215764751001334
1,53.478337,-2.233896,100,0.04236064997305875
1,53.478584,-2.233898,101,0.04260765807008658
1,53.478981,-2.232921,102,0.043662237607152994
1,53.479028,-2.232677,103,0.04391072301920041
1,53.478748,-2.232528,104,0.04422789962615312
1,53.478402,-2.232096,105,0.04478137952642075
1,53.477885,-2.231904,106,0.04533288020638595
2,53.477885,-2.231904,1,0
2,53.478402,-2.232096,2,0.0005515006799651961
2,53.478748,-2.232528,3,0.0011049805802328277
2,53.479028,-2.232677,4,0.0014221571871855308
2,53.478981,-2.232921,5,0.0016706425992329453
2,53.479097,-2.233065,6,0.0018555533885374167
2,53.479585,-2.233263,7,0.002382191784400538
2,53.479744,-2.233406,8,0.0025960375231910923
2,53.479918,-2.233591,9,0.0028500079939164607
2,53.480045,-2.233729,10,0.0030375526552633043
2,53.480585,-2.234269,11,0.003801227978945382
2,53.480705,-2.234605,12,0.0041580136288822045
2,53.480675,-2.234942,13,0.004496346305400696
2,53.480135,-2.235956,14,0.005645170051673459
2,53.48009,-2.236016,15,0.005720170051673462
2,53.479897,-2.23632,16,0.00608026031813258
2,53.479601,-2.236784,17,0.0066306347361420595
2,53.47944,-2.237037,18,0.006930518046784266
2,53.479175,-2.237589,19,0.007542832508477981
2,53.479112,-2.237671,20,0.007646239471491667
2,53.479048,-2.237755,21,0.0077518425017521365
2,53.478888,-2.237976,22,0.008024681281987727
2,53.478764,-2.238163,23,0.008249058197021047
2,53.478567,-2.238429,24,0.008580064239261874
2,53.478461,-2.238589,25,0.008771991308741534
2,53.478294,-2.238858,26,0.009088614112723634
2,53.478142,-2.239128,27,0.009398459235325193
2,53.478035,-2.239326,28,0.009623521448946284
2,53.477971,-2.239344,29,0.009690004529502394
2,53.477906,-2.239532,30,0.009888924111243206
2,53.477754,-2.239785,31,0.010184073226098555
2,53.477538,-2.240145,32,0.01060390176252479
2,53.47678,-2.241391,33,0.012062352995856685
2,53.476392,-2.242052,34,0.012828815649872366
2,53.476275,-2.242202,35,0.013019049716219437
2,53.476176,-2.242533,36,0.013364537776794335
2,53.476248,-2.242594,37,0.013458904084337937
2,53.476463,-2.242776,38,0.013740593629763202
2,53.476642,-2.242942,39,0.013984718597758081
2,53.476911,-2.24317,40,0.014337344461814514
2,53.476956,-2.243227,41,0.014409966772436
2,53.476973,-2.24325,42,0.014438567471728064
2,53.477386,-2.243866,43,0.015180204175243607
2,53.47745,-2.244015,44,0.015342367672983736
2,53.477513,-2.244163,45,0.015503218535587874
2,53.477718,-2.244776,46,0.016149588398747063
2,53.477768,-2.245153,47,0.016529889595168632
2,53.477802,-2.245415,48,0.01679408649144078
2,53.477814,-2.245526,49,0.016905733255836886
2,53.477848,-2.245787,50,0.017168938498945747
2,53.477894,-2.246204,51,0.01758846799731251
2,53.477947,-2.246671,52,0.01805846586964825
2,53.478035,-2.247395,53,0.01878779432788883
2,53.478115,-2.248028,54,0.019425829593372475
2,53.478186,-2.248601,55,0.020003211615953226
2,53.478318,-2.249566,56,0.020977197755485413
2,53.478425,-2.250125,57,0.02154634624226188
2,53.4787,-2.251829,58,0.02327239403997784
2,53.478931,-2.253156,59,0.024619349867019146
2,53.47902,-2.253699,60,0.025169595266817425
2,53.479055,-2.253895,61,0.025368695743964585
2,53.479118,-2.254227,62,0.025706620291755657
2,53.479138,-2.254281,63,0.025764205011950946
2,53.479185,-2.254463,64,0.02595217575435541
2,53.479234,-2.254465,65,0.02600121655369346
2,53.479267,-2.254522,66,0.026067080048894714
2,53.479348,-2.254604,67,0.026182340623247948
2,53.479427,-2.254759,68,0.02635631188524225
2,53.479492,-2.254751,69,0.026421802342561678
2,53.479646,-2.254908,70,0.0266417227827225
2,53.480086,-2.255318,71,0.02724313778087092
2,53.48101,-2.256333,72,0.02861572694008652
2,53.481118,-2.256431,73,0.028761562463882832
2,53.481471,-2.256828,74,0.02929280440499613
2,53.481553,-2.256917,75,0.029413820932792302
2,53.481714,-2.257089,76,0.029649415924249134
2,53.4818,-2.257181,77,0.029775352416182715
2,53.481952,-2.257342,78,0.029996768314437407
2,53.482032,-2.257427,79,0.03011349448973454
2,53.482186,-2.25759,80,0.030337737661315426
2,53.482561,-2.257849,81,0.03079348539855479
2,53.483083,-2.257672,82,0.03134467774248199
2,53.483335,-2.257522,83,0.03163794212831512
2,53.483344,-2.257342,84,0.031818166987865756
2,53.483349,-2.257199,85,0.031961254373752655
2,53.483365,-2.256952,86,0.03220877204988916
2,53.483493,-2.255052,87,0.034113078747876904
2,53.483305,-2.25487,88,0.03437474265444519
2,53.483105,-2.254656,89,0.0346676521967952
2,53.483026,-2.254571,90,0.03478369529223813
2,53.482874,-2.254409,91,0.035005839389616336
2,53.482668,-2.254188,92,0.03530796022637253
2,53.482516,-2.254021,93,0.035533776523393054
2,53.482022,-2.253431,94,0.036303280259573786
2,53.481656,-2.25266,95,0.03715674203376143
2,53.481549,-2.252192,96,0.037636818069405886
2,53.481522,-2.252026,97,0.037804999519037506
2,53.480213,-2.25262,98,0.039242468475223224
2,53.480123,-2.252661,99,0.03934136741353918
2,53.479947,-2.253061,100,0.03977837542261793
2,53.479606,-2.253843,101,0.04063149030351231
2,53.479544,-2.253958,102,0.04076213868658686
2,53.479267,-2.254522,103,0.0413904897031362
2,53.479234,-2.254465,104,0.04145635319833745
2,53.479138,-2.254281,105,0.041663891146674216
2,53.479118,-2.254227,106,0.0417214758668695
2,53.479055,-2.253895,107,0.042059400414660573
2,53.47902,-2.253699,108,0.042258500891807736
2,53.478931,-2.253156,109,0.04280874629160601
2,53.4787,-2.251829,110,0.04415570211864732
2,53.479159,-2.251606,111,0.04466600594971193
2,53.479626,-2.25139,112,0.04518053971925538
2,53.47961,-2.250825,113,0.04574576622252641
2,53.479546,-2.250047,114,0.04652639417488281
2,53.479505,-2.249332,115,0.04724256873460948
2,53.479434,-2.24888,116,0.04770011108237686
2,53.479119,-2.249074,117,0.048070058375920356
2,53.478885,-2.249208,118,0.0483397100030238
2,53.478633,-2.249373,119,0.04864092255255991
2,53.478318,-2.249566,120,0.0490103464283455
2,53.478186,-2.248601,121,0.04998433256787769
2,53.478115,-2.248028,122,0.05056171459045844
2,53.478035,-2.247395,123,0.051199749855942084
2,53.477947,-2.246671,124,0.05192907831418267
2,53.477894,-2.246204,125,0.05239907618651841
2,53.477848,-2.245787,126,0.05281860568488517
2,53.477814,-2.245526,127,0.05308181092799403
2,53.478165,-2.245407,128,0.053452434726469454
2,53.478458,-2.245305,129,0.05376268140252532
2,53.478723,-2.24526,130,0.05403147500363851
2,53.478956,-2.245276,131,0.05426502371375565
2,53.479054,-2.245804,132,0.0548020414043398
2,53.479198,-2.24582,133,0.05494692756654882
2,53.479603,-2.245536,134,0.055441579969758015
2,53.479873,-2.245341,135,0.05577463401942608
2,53.479972,-2.245071,136,0.05606221183498171
2,53.479973,-2.24477,137,0.056363213496106596
2,53.479893,-2.244483,138,0.05666115476548823
2,53.479517,-2.243833,139,0.05741207153850408
2,53.479024,-2.243001,140,0.05837916667343066
2,53.478845,-2.242684,141,0.058743213373732894
2,53.478818,-2.242623,142,0.05880992169405477
2,53.478722,-2.242435,143,0.05902101409088582
2,53.478657,-2.242306,144,0.059165464774511296
2,53.478424,-2.241792,145,0.0597298095273008
2,53.478218,-2.241369,146,0.06020030394809567
2,53.478012,-2.240976,147,0.060644021200408064
2,53.477824,-2.240629,148,0.061038676746422924
2,53.477699,-2.240402,149,0.06129781763474306
2,53.477538,-2.240145,150,0.061601083194936596
2,53.477215,-2.239812,151,0.06206499913559934
2,53.477009,-2.239585,152,0.0623715362459131
2,53.476964,-2.239539,153,0.06243588684808577
2,53.476695,-2.239236,154,0.06284106582088878
2,53.476506,-2.238979,155,0.06316007992715926
2,53.476291,-2.238677,156,0.06353079410277007
2,53.475888,-2.238162,157,0.0641847314086371
2,53.475664,-2.237995,158,0.06446413255394265
2,53.475818,-2.237348,159,0.06512920773766159
2,53.476017,-2.236551,160,0.06595067593546398
2,53.476225,-2.235859,161,0.06667326018660717
2,53.476632,-2.234565,162,0.06802975751428701
2,53.476713,-2.23434,163,0.06826889345888561
2,53.476849,-2.234009,164,0.06862674398634276
2,53.477016,-2.233945,165,0.06880558749335154
2,53.477388,-2.233876,166,0.06918393257393145
2,53.477707,-2.233895,167,0.06950349790372012
2,53.478134,-2.233895,168,0.06993049790371497
2,53.478337,-2.233896,169,0.07013350036676039
2,53.478584,-2.233898,170,0.07038050846378822
2,53.478981,-2.232921,171,0.07143508800085464
2,53.479028,-2.232677,172,0.07168357341290206
2,53.478748,-2.232528,173,0.07200075001985476
2,53.478402,-2.232096,174,0.07255422992012239
2,53.477885,-2.231904,175,0.07310573060008758
